Data dimensions: (72, 800, 800)

Top 10 configurations by speed:
 n_chunks_lat  n_chunks_lon  time_seconds   memory_mb
            4             2      7.461514 1161.281250
            2             4      7.525395 1174.050781
            3             2      7.628212 1244.519531
            4             1      7.698120 1197.921875
            2             3      7.792036 1211.851562
            2             2      7.846778 1232.464844
            8             1      8.010582 1118.355469
            3             1      8.176641 1270.238281
            2             1      9.800334 1146.160156
            1             3     10.708021 1237.914062

